Repetition	ExactVolume	Estimate	MeanEstimate	Variance	CVar2
0	3.2985089027387064	3.445188916727285	3.445188916727285	NaN	NaN
1	3.2985089027387064	3.3844001171181097	3.414794516922697	0.0018476390789622405	1.7825450353472564E-4
2	3.2985089027387064	3.395525455547889	3.4083714964644276	0.0010475851149031636	9.769167943956017E-5
3	3.2985089027387064	3.473913290364428	3.4247569449394275	0.001772321763509644	1.6055062448423638E-4
4	3.2985089027387064	3.2811514738525576	3.3960358507220536	0.0054537475878486015	4.965234912335428E-4
5	3.2985089027387064	3.252456834713527	3.3721060147206323	0.0077988203766083284	7.144226994981481E-4
6	3.2985089027387064	3.4242820734840356	3.3795597374011184	0.006887922853090099	6.246086377833818E-4
7	3.2985089027387064	3.6109826077185936	3.4084875961908025	0.012598501987324595	0.001118302857421325
8	3.2985089027387064	3.382463343920056	3.405596012605164	0.011098940539603627	9.835455792282447E-4
9	3.2985089027387064	3.3906723571521873	3.4041036470598662	0.009887996473300029	8.746345289574296E-4
10	3.2985089027387064	3.280467236409684	3.392863973364395	0.010288829738557343	9.140983420714642E-4
11	3.2985089027387064	3.3901668273357832	3.392639211195344	0.009354087796898313	8.296232795756674E-4
12	3.2985089027387064	3.3955767815222124	3.3928651781435644	0.008575244274292066	7.592517842670729E-4
13	3.2985089027387064	3.3155800443146104	3.3873448114414964	0.008342252378700761	7.40033428855508E-4
14	3.2985089027387064	3.3290279125617683	3.3834570181828476	0.007973101255123459	7.080836012791117E-4
15	3.2985089027387064	3.4437020309063273	3.387222331478065	0.007668402518826826	6.788141332602836E-4
16	3.2985089027387064	3.162907976840872	3.374027369440583	0.010148946755300174	9.046153435897031E-4
17	3.2985089027387064	3.064810774722379	3.356848669734016	0.014863888912292553	0.0013373937463378148
18	3.2985089027387064	3.4151867028219005	3.359919092528115	0.01421723973261003	0.0012759533022990725
19	3.2985089027387064	3.2395984136620144	3.35390305858481	0.014192817245349466	0.0012775050668640587
20	3.2985089027387064	3.164649313485988	3.344890975484866	0.01518874686088818	0.0013737181938473428
21	3.2985089027387064	3.2737110208432156	3.3416555230011546	0.014695772561881678	0.0013309949261438977
22	3.2985089027387064	3.1431942299931097	3.3330267711312396	0.01574025615312688	0.0014322845689252425
23	3.2985089027387064	3.192682017282968	3.327179073054228	0.015876590937144615	0.001449123518643465
24	3.2985089027387064	3.3101138639771515	3.3264964646911452	0.015226715169197364	0.001389803705408323
25	3.2985089027387064	3.424833631088042	3.330278663398718	0.014989577266082197	0.0013645334772145565
26	3.2985089027387064	3.2177806788664087	3.326112071379003	0.014881788268126934	0.0013576383801208684
27	3.2985089027387064	3.155017946418383	3.320001566916124	0.015376082339007264	0.0014074388649487034
28	3.2985089027387064	3.3111771186371723	3.31969727559616	0.01482962174420033	0.0013572535371968054
29	3.2985089027387064	3.371615661127147	3.3214278884471926	0.014408106102363746	0.0013169259831638065
30	3.2985089027387064	3.1629390754291427	3.3163153460917716	0.014738116668366797	0.0013508859250415297
31	3.2985089027387064	3.2917190273024106	3.315546711129604	0.014281599140594506	0.001309321435492366
32	3.2985089027387064	3.516002706577735	3.3216211352340927	0.015052953898090353	0.0013746725191700361
33	3.2985089027387064	3.345794363509425	3.3223321125363086	0.014613990396591442	0.0013337191546652035
34	3.2985089027387064	3.2019340302767363	3.318892167328892	0.014598329955683807	0.001334774705834071
35	3.2985089027387064	3.171306779918581	3.314792573234161	0.01478627499678872	0.0013550383130654863
36	3.2985089027387064	3.0995655306314998	3.308975626136792	0.015627509456509724	0.001436902125043879
37	3.2985089027387064	3.2798448081420015	3.308209025663245	0.015227476034933135	0.00140052183196079
38	3.2985089027387064	3.146721846812247	3.3040683287696297	0.015495422441209295	0.001428500624560034
39	3.2985089027387064	3.326736460676083	3.3046350320672913	0.015110950022178934	0.0013923571766763297
40	3.2985089027387064	3.317209548096713	3.304941727580204	0.01473703281926773	0.0013574459119916815
41	3.2985089027387064	3.17144725910151	3.301763287854521	0.014801897116179186	0.0013658497750455461
42	3.2985089027387064	3.249186912844565	3.3005405814589404	0.0145137564643465	0.0013400695341832844
43	3.2985089027387064	3.3560907124895865	3.3018030844369095	0.01424635945009819	0.001314202105328743
44	3.2985089027387064	3.423990917018781	3.3045183696053955	0.01425435336308406	0.0013126146575999128
45	3.2985089027387064	3.585738030488056	3.310631840494149	0.015656818165166803	0.001436268507389766
46	3.2985089027387064	3.262177517510031	3.3096008974519338	0.015366406200026295	0.0014103438623308496
47	3.2985089027387064	3.3263152547948325	3.309949113229911	0.015045281590205323	0.0013804280221621963
48	3.2985089027387064	3.426987409826265	3.3123376498951425	0.015011388486399367	0.0013751871864425343
49	3.2985089027387064	3.477430711244888	3.3156395111221375	0.01525014799744661	0.001394137173747289
50	3.2985089027387064	3.177028880671486	3.312921655623105	0.015321868701692326	0.0014028560147138801
51	3.2985089027387064	3.388986914787776	3.314384449068579	0.015132707666154325	0.0013841840112469698
52	3.2985089027387064	3.1801661097028924	3.3118520275711134	0.015181591465153643	0.0013906543355721751
53	3.2985089027387064	3.2253580027916655	3.310250286371494	0.015033687386179755	0.0013783192899835608
54	3.2985089027387064	3.1730023605602207	3.3077548695385617	0.015097776552271654	0.0013861682636596214
55	3.2985089027387064	3.142262240304338	3.304799644016522	0.015312339565670966	0.0014082695236855014
56	3.2985089027387064	2.9982514801278026	3.299421606053562	0.01668753259343891	0.001539632727717593
57	3.2985089027387064	3.2401624082405673	3.2983998957464418	0.01645531459692669	0.001519034052585331
58	3.2985089027387064	3.437749321959405	3.3007617504280176	0.01650072537096599	0.0015209362928107887
59	3.2985089027387064	3.2181626874622418	3.299385099378588	0.016334762146307424	0.0015067895460050525
60	3.2985089027387064	3.443929036543139	3.3017546721189905	0.016405023483831202	0.0015109966877547957
61	3.2985089027387064	3.302354452860883	3.3017643460019244	0.016136094474829537	0.001486120233774478
62	3.2985089027387064	3.525215262156371	3.3053111859408837	0.016668379520339508	0.0015317526979217596
63	3.2985089027387064	3.304375373655904	3.305296563873931	0.016403815751145596	0.0015073606591612604
64	3.2985089027387064	3.2772148514618964	3.3048645375291303	0.016159638169603054	0.0014852223148078929
65	3.2985089027387064	3.4151362183057503	3.3065353205712005	0.016095268405871294	0.0014777257393919362
66	3.2985089027387064	3.296694755011348	3.306388446458367	0.01585284602708842	0.0014555159805093403
67	3.2985089027387064	3.2557545303300737	3.3056438300447155	0.01565393922992964	0.001437822481967995
68	3.2985089027387064	3.4691732399712163	3.3080138214929256	0.015811297544310866	0.0014501187486906837
69	3.2985089027387064	3.3083047252921793	3.3080179772614864	0.015582149513467109	0.0014290253522469547
70	3.2985089027387064	3.1218105798342646	3.305395337861103	0.01584790223469592	0.0014556316265547042
71	3.2985089027387064	3.219502548167301	3.3042023824486892	0.01572715861241895	0.0014455141315899318
72	3.2985089027387064	3.3699307701458983	3.3051027713212537	0.015567906962807306	0.0014300297080739911
73	3.2985089027387064	3.288742899372845	3.3048816919705994	0.015358264793183935	0.0014108961708526207
74	3.2985089027387064	3.2730802270935406	3.304457672438905	0.015164205116601482	0.0013933637400682754
75	3.2985089027387064	3.4826689489959652	3.3068025576567615	0.015379900703100701	0.0014111177591457985
76	3.2985089027387064	3.0379302532893506	3.303310709548094	0.016116394836064682	0.0014817563969470875
77	3.2985089027387064	3.315061317020813	3.3034613583618464	0.01590886122210152	0.001462481478554354
78	3.2985089027387064	3.3709831668367016	3.304316064798237	0.015762612787143998	0.0014482289444616083
79	3.2985089027387064	3.2050392495770885	3.3030751046079727	0.01568628461850861	0.001442242361363128
80	3.2985089027387064	3.4072157641918768	3.3043607917633295	0.015624098369154668	0.0014353519203049135
81	3.2985089027387064	3.318003367342484	3.304527164636246	0.015433478020324857	0.0014176440824801855
82	3.2985089027387064	3.2771456212204297	3.3041972665228028	0.01525429799325158	0.0014014139644557713
83	3.2985089027387064	3.0818064959046656	3.3015497573487775	0.015659292875871426	0.001440877555898411
84	3.2985089027387064	3.2218417016852654	3.300612015517442	0.015547618300677331	0.0014313649529613605
85	3.2985089027387064	3.1613268860218797	3.298992420988424	0.015590290577903374	0.0014366541333678611
86	3.2985089027387064	3.459017604131891	3.300831790909613	0.01570335363783	0.0014454125034644547
87	3.2985089027387064	3.459488540318764	3.302634708516535	0.01580890036712059	0.001453491923267119
88	3.2985089027387064	3.343068514150397	3.3030890209393875	0.015647623352242335	0.0014382223886999698
89	3.2985089027387064	3.1791039551008726	3.3017114090967374	0.01564261065453141	0.0014389169089167372
90	3.2985089027387064	3.298695202438715	3.3016782639686273	0.015468903842037147	0.0014229233931909002
91	3.2985089027387064	3.142530867142109	3.2999484009596434	0.015574219082475322	0.0014340705880771783
92	3.2985089027387064	3.294661500517089	3.299891552567788	0.015405234644236475	0.0014185180768855699
93	3.2985089027387064	3.4050312925032573	3.301010060439442	0.015357186586631315	0.0014130953598672702
94	3.2985089027387064	3.2943043453817773	3.3009394739651507	0.015194285594025142	0.0013981267399335166
95	3.2985089027387064	3.341531320608603	3.30136230570102	0.015051509266645374	0.0013845963387248566
96	3.2985089027387064	3.334194448000185	3.301700781394826	0.014905835593928328	0.0013708779072979824
97	3.2985089027387064	3.207189754339445	3.300736383159567	0.014843313453448222	0.0013658897987056213
98	3.2985089027387064	3.245622103757888	3.3001796732666207	0.014722533735855697	0.0013551978654674245
99	3.2985089027387064	3.4179418786795397	3.30135729532075	0.014712500644114501	0.0013532742488647428
